10 10 4
20 12 3
30 13 4
40 31 5
50 30 6
60 15 2
70 33 6
80 27 5
90 38 7
100 88 3
110 109 6
120 31 6
130 88 7
140 138 6
150 73 7
160 152 6
170 67 8
180 23 7
190 147 7
200 99 8
210 150 8
220 125 8
230 21 5
240 145 8
250 196 8
260 167 8
270 75 5
280 199 8
290 161 8
300 248 6
310 35 7
320 123 8
330 139 8
340 117 8
350 67 7
360 333 8
370 338 7
380 258 7
390 309 8
400 98 8
410 159 6
420 384 7
430 127 6
440 311 9
450 325 9
460 330 5
470 18 9
480 452 9
490 439 9
500 57 9
510 269 8
520 38 8
530 135 9
540 354 5
550 178 9
560 369 8
570 383 6
580 350 8
590 506 10
600 430 10
610 606 7
620 40 8
630 313 9
640 50 6
650 337 8
660 90 9
670 22 8
680 647 10
690 152 8
700 379 8
710 130 9
720 239 9
730 563 10
740 237 9
750 538 10
760 542 10
770 486 10
780 691 10
790 491 10
800 583 10
810 584 10
820 541 9
830 434 7
840 641 9
850 263 9
860 418 10
870 332 7
880 732 10
890 847 9
900 74 10
910 398 4
920 295 9
930 295 9
940 556 10
950 664 8
960 579 9
970 752 9
980 266 10
990 117 9
1000 654 9
1010 357 10
1020 160 10
1030 731 10
1040 841 10
1050 730 7
1060 741 10
1070 209 10
1080 42 10
1090 592 10
1100 108 9
1110 345 11
1120 9 10
1130 984 8
1140 959 9
1150 824 9
1160 85 8
1170 73 4
1180 1045 10
1190 723 10
1200 1127 9
1210 1003 10
1220 1213 9
1230 559 9
1240 994 9
1250 566 10
1260 397 8
1270 1235 11
1280 696 10
1290 956 11
1300 408 9
1310 1003 6
1320 9 11
1330 78 10
1340 771 9
1350 226 10
1360 936 10
1370 668 8
1380 938 10
1390 671 10
1400 1038 11
1410 236 8
1420 50 10
1430 390 7
1440 1267 11
1450 1314 5
1460 1394 9
1470 820 11
1480 1113 10
1490 1449 8
1500 1223 11
1510 653 11
1520 12 10
1530 430 10
1540 456 11
1550 386 11
1560 1079 10
1570 682 9
1580 130 11
1590 355 11
1600 1177 11
1610 98 10
1620 535 10
1630 443 10
1640 112 10
1650 865 11
1660 570 5
1670 196 10
1680 1412 11
1690 275 11
1700 1466 11
1710 969 10
1720 199 10
1730 352 10
1740 594 11
1750 1280 11
1760 1484 11
1770 1497 11
1780 1159 11
1790 786 9
1800 902 11
1810 1810 11
1820 1716 11
1830 1557 11
1840 498 9
1850 782 11
1860 1223 9
1870 69 11
1880 1647 11
1890 1785 11
1900 1361 9
1910 172 10
1920 1516 10
1930 1343 10
1940 1388 10
1950 1108 9
1960 1051 11
1970 1627 9
1980 1730 11
1990 1573 11
2000 1334 11
2010 605 10
2020 190 10
2030 1464 11
2040 1127 9
2050 167 11
2060 1565 9
2070 1886 10
2080 1564 9
2090 753 11
2100 459 5
2110 52 9
2120 1922 11
2130 2111 10
2140 1407 11
2150 1868 11
2160 1793 11
2170 1255 11
2180 1662 10
2190 1685 8
2200 593 11
2210 354 11
2220 1656 8
2230 836 3
2240 827 11
2250 1537 12
2260 1435 10
2270 638 5
2280 419 11
2290 236 9
2300 1858 11
2310 826 10
2320 261 12
2330 2298 9
2340 2141 10
2350 1870 10
2360 1605 10
2370 1089 11
2380 1726 11
2390 513 11
2400 1419 12
2410 1337 11
2420 1335 11
2430 277 11
2440 1639 6
2450 398 10
2460 1329 9
2470 642 10
2480 1266 11
2490 2395 10
2500 257 12
2510 1740 9
2520 2229 9
2530 2059 11
2540 2248 11
2550 1588 12
2560 2061 11
2570 1787 7
2580 524 11
2590 1180 10
2600 631 10
2610 1794 4
2620 181 11
2630 637 11
2640 425 11
2650 812 11
2660 1981 10
2670 1652 12
2680 2130 11
2690 372 9
2700 2632 11
2710 2481 12
2720 2050 8
2730 723 12
2740 1386 11
2750 432 11
2760 2349 7
2770 1531 11
2780 2106 7
2790 2233 12
2800 443 11
2810 1168 9
2820 215 11
2830 355 10
2840 516 12
2850 1524 12
2860 569 8
2870 1578 11
2880 2667 11
2890 1731 9
2900 347 10
2910 2549 10
2920 1616 10
2930 227 12
2940 2202 10
2950 2651 7
2960 2106 10
2970 1214 10
2980 392 10
2990 2724 10
3000 1341 9
3010 598 12
3020 1894 12
3030 2212 12
3040 2664 12
3050 1089 9
3060 2607 11
3070 1513 12
3080 2810 11
3090 380 11
3100 1762 11
3110 1870 7
3120 839 12
3130 2199 11
3140 1681 11
3150 2097 9
3160 293 12
3170 1775 12
3180 2719 12
3190 1361 11
3200 3164 12
3210 1267 12
3220 1063 11
3230 1572 12
3240 1149 11
3250 1271 10
3260 2042 12
3270 941 12
3280 513 11
3290 237 11
3300 711 10
3310 291 12
3320 2182 11
3330 45 9
3340 3061 12
3350 2355 6
3360 678 10
3370 3363 12
3380 1897 10
3390 2866 12
3400 752 10
3410 925 11
3420 1653 12
3430 637 12
3440 43 12
3450 3002 12
3460 955 10
3470 2120 9
3480 1256 9
3490 3324 11
3500 3058 12
3510 804 10
3520 3240 12
3530 791 9
3540 2761 10
3550 3516 9
3560 1750 11
3570 1200 12
3580 1745 12
3590 2217 12
3600 1238 11
3610 2865 10
3620 346 9
3630 2265 10
3640 3325 11
3650 1477 12
3660 3373 12
3670 2338 12
3680 2403 10
3690 2645 12
3700 649 8
3710 628 12
3720 2495 10
3730 3232 11
3740 1890 12
3750 1083 7
3760 2865 12
3770 3015 12
3780 1089 12
3790 323 12
3800 1030 9
3810 732 12
3820 2873 11
3830 3386 11
3840 1815 8
3850 1583 11
3860 1205 12
3870 1378 10
3880 2739 12
3890 998 10
3900 967 9
3910 3490 9
3920 3839 10
3930 2227 12
3940 2873 10
3950 1197 11
3960 3611 12
3970 3366 12
3980 378 12
3990 3442 11
4000 3911 12
4010 683 12
4020 3695 12
4030 283 12
4040 2389 12
4050 1325 12
4060 1550 12
4070 2319 12
4080 1712 12
4090 1558 12
4100 1475 11
4110 1438 11
4120 1446 11
4130 2876 12
4140 2981 11
4150 2670 10
4160 2034 12
4170 680 12
4180 1923 11
4190 439 12
4200 1501 12
4210 1416 12
4220 3552 9
4230 1470 12
4240 3110 11
4250 1587 12
4260 400 12
4270 2778 11
4280 839 10
4290 2709 10
4300 4068 12
4310 579 9
4320 2042 12
4330 966 12
4340 1851 10
4350 2158 8
4360 3652 9
4370 4113 13
4380 3389 11
4390 2038 13
4400 529 11
4410 53 11
4420 2316 12
4430 4276 11
4440 2552 10
4450 2210 12
4460 3842 12
4470 1730 12
4480 2048 12
4490 1142 12
4500 899 10
4510 1446 11
4520 3083 12
4530 4282 7
4540 1539 11
4550 726 13
4560 1666 12
4570 2957 12
4580 1302 11
4590 647 12
4600 433 11
4610 2176 12
4620 3930 12
4630 1033 12
4640 4261 11
4650 3874 11
4660 2324 13
4670 2674 11
4680 3371 13
4690 2248 12
4700 4171 10
4710 3499 12
4720 2619 12
4730 3320 13
4740 42 12
4750 25 12
4760 3468 12
4770 381 9
4780 1172 12
4790 219 10
4800 2249 13
4810 1934 8
4820 452 12
4830 1718 11
4840 3373 9
4850 4803 9
4860 3454 13
4870 4706 12
4880 1980 12
4890 565 12
4900 2320 12
4910 4251 12
4920 2042 11
4930 4134 13
4940 2141 8
4950 30 11
4960 4335 10
4970 794 13
4980 692 12
4990 2062 12
5000 1227 11
5010 1188 12
5020 904 12
5030 386 13
5040 790 12
5050 2583 8
5060 131 12
5070 114 12
5080 2091 13
5090 2079 12
5100 4699 11
5110 1340 13
5120 214 13
5130 2353 13
5140 344 12
5150 5093 12
5160 804 12
5170 3474 12
5180 3231 10
5190 4385 12
5200 2378 11
5210 505 11
5220 62 11
5230 5012 11
5240 153 12
5250 666 9
5260 1985 12
5270 3080 13
5280 5024 12
5290 1615 10
5300 3129 13
5310 1125 12
5320 35 10
5330 2237 12
5340 3471 13
5350 250 6
5360 3530 12
5370 3700 12
5380 2392 11
5390 2638 11
5400 4421 12
5410 714 13
5420 4502 13
5430 2852 12
5440 302 10
5450 339 13
5460 3209 12
5470 874 13
5480 471 12
5490 3861 12
5500 2751 12
5510 2102 13
5520 2758 12
5530 1042 12
5540 4776 10
5550 5135 11
5560 1038 13
5570 2899 12
5580 1450 12
5590 3864 8
5600 3041 12
5610 5355 11
5620 3416 12
5630 5023 11
5640 907 13
5650 1723 12
5660 3014 11
5670 5447 13
5680 3088 10
5690 1637 10
5700 3492 11
5710 5058 12
5720 1440 13
5730 5726 12
5740 2090 12
5750 1177 13
5760 3546 11
5770 356 13
5780 720 12
5790 1058 13
5800 2702 13
5810 5394 13
5820 1301 12
5830 2151 9
5840 648 13
5850 1198 9
5860 2530 13
5870 333 13
5880 2042 12
5890 2218 13
5900 1904 12
5910 3785 13
5920 4761 12
5930 3524 13
5940 3669 13
5950 537 12
5960 2947 11
5970 3664 12
5980 1251 13
5990 3949 12
6000 3807 9
6010 3843 13
6020 4733 12
6030 2825 13
6040 3486 12
6050 663 11
6060 167 13
6070 5715 12
6080 288 12
6090 5316 13
6100 5116 13
6110 6068 13
6120 2778 10
6130 1784 12
6140 2303 12
6150 1834 11
6160 3735 10
6170 4692 12
6180 963 12
6190 4035 12
6200 244 11
6210 1497 10
6220 770 10
6230 1094 12
6240 3952 12
6250 5266 10
6260 3256 13
6270 2511 12
6280 1996 12
6290 4724 10
6300 4739 13
6310 2397 12
6320 3087 13
6330 726 12
6340 5829 11
6350 997 10
6360 2718 13
6370 4776 12
6380 1325 13
6390 2154 13
6400 4426 12
6410 4135 12
6420 4815 2
6430 1587 10
6440 4882 13
6450 5598 13
6460 3963 13
6470 928 12
6480 5915 10
6490 553 11
6500 4956 10
6510 4611 11
6520 844 12
6530 503 10
6540 1338 12
6550 5473 12
6560 4239 13
6570 2495 12
6580 216 13
6590 4766 12
6600 2501 12
6610 3793 12
6620 4617 13
6630 4010 11
6640 2569 13
6650 4481 9
6660 2225 12
6670 1023 13
6680 5256 13
6690 5413 12
6700 2000 13
6710 4358 13
6720 6431 8
6730 3834 13
6740 5907 11
6750 5536 13
6760 3062 6
6770 2786 12
6780 2566 12
6790 1413 11
6800 2972 13
6810 5309 11
6820 6609 13
6830 3559 13
6840 555 13
6850 3627 13
6860 1966 12
6870 449 12
6880 4189 13
6890 1546 9
6900 6266 9
6910 3698 8
6920 3814 11
6930 1258 12
6940 2059 6
6950 2937 10
6960 3380 11
6970 2949 11
6980 2169 13
6990 4989 10
7000 4109 13
7010 1173 13
7020 1240 10
7030 3860 11
7040 3816 12
7050 1014 11
7060 4178 12
7070 3108 13
7080 3255 10
7090 2559 13
7100 5540 10
7110 118 12
7120 2115 13
7130 554 12
7140 1862 12
7150 2607 11
7160 152 13
7170 4007 13
7180 3811 13
7190 3343 13
7200 706 11
7210 4995 11
7220 2406 11
7230 6702 12
7240 4992 12
7250 503 12
7260 827 13
7270 5209 13
7280 6152 11
7290 6327 12
7300 6773 12
7310 7106 11
7320 3060 13
7330 315 12
7340 984 11
7350 3649 11
7360 2284 13
7370 455 13
7380 530 12
7390 1085 13
7400 6244 12
7410 3563 11
7420 1665 13
7430 1098 11
7440 278 11
7450 5618 12
7460 5415 11
7470 5829 13
7480 3395 13
7490 3028 12
7500 4380 13
7510 7240 12
7520 4935 5
7530 2281 11
7540 2308 13
7550 825 6
7560 2034 13
7570 4004 12
7580 7427 13
7590 12 12
7600 5214 13
7610 2146 10
7620 1485 12
7630 466 12
7640 133 9
7650 5569 11
7660 7205 12
7670 187 13
7680 6259 13
7690 4380 13
7700 6719 13
7710 5000 12
7720 1645 11
7730 1878 10
7740 5693 12
7750 7710 12
7760 3360 11
7770 2341 13
7780 7247 13
7790 1752 11
7800 7796 13
7810 5526 12
7820 7115 12
7830 1149 11
7840 6610 13
7850 1274 13
7860 1016 13
7870 2247 13
7880 1460 13
7890 2371 13
7900 7141 13
7910 390 13
7920 3421 13
7930 122 13
7940 5324 12
7950 7046 11
7960 3769 10
7970 7090 10
7980 4735 12
7990 1059 13
8000 5126 12
8010 5957 13
8020 6611 12
8030 4416 12
8040 2314 13
8050 722 8
8060 2727 13
8070 6121 12
8080 4214 13
8090 5174 10
8100 6352 13
8110 5248 12
8120 7940 12
8130 6609 11
8140 1422 10
8150 2246 13
8160 1966 12
8170 5277 11
8180 6353 13
8190 4083 11
8200 4143 13
8210 2934 13
8220 6241 11
8230 6512 12
8240 4813 12
8250 5490 11
8260 3227 13
8270 7375 13
8280 3903 12
8290 5333 13
8300 1394 13
8310 305 12
8320 5163 11
8330 4360 7
8340 748 8
8350 6280 13
8360 7452 13
8370 675 12
8380 4444 12
8390 1622 12
8400 4274 13
8410 3329 11
8420 68 13
8430 7304 12
8440 1714 6
8450 1139 13
8460 774 13
8470 1754 12
8480 7040 12
8490 1340 12
8500 7601 13
8510 6245 11
8520 7354 8
8530 3435 13
8540 905 12
8550 2470 7
8560 6919 13
8570 4431 13
8580 6442 13
8590 7635 13
8600 5767 13
8610 913 12
8620 4485 10
8630 2761 13
8640 7596 13
8650 1337 13
8660 896 13
8670 917 11
8680 4202 13
8690 5263 12
8700 220 9
8710 4246 13
8720 4987 12
8730 2219 13
8740 140 11
8750 7238 13
8760 8087 13
8770 2336 13
8780 5235 12
8790 4045 13
8800 5746 12
8810 4454 13
8820 5418 12
8830 5842 13
8840 3837 13
8850 3158 12
8860 2735 12
8870 141 13
8880 2530 14
8890 419 13
8900 2621 12
8910 7588 13
8920 4282 12
8930 5137 12
8940 1110 12
8950 835 12
8960 337 13
8970 8404 13
8980 5173 9
8990 3752 11
9000 2021 13
9010 978 12
9020 3495 14
9030 3202 13
9040 9018 11
9050 5704 13
9060 460 13
9070 4918 13
9080 3874 10
9090 2697 14
9100 3189 10
9110 2528 13
9120 6955 10
9130 3759 13
9140 4305 11
9150 6738 13
9160 7521 14
9170 3458 13
9180 1389 10
9190 1654 11
9200 6598 11
9210 7189 13
9220 1696 11
9230 6573 12
9240 6751 12
9250 1975 13
9260 7851 12
9270 8759 13
9280 2785 13
9290 2404 13
9300 32 13
9310 72 7
9320 1507 12
9330 5889 11
9340 325 13
9350 8484 13
9360 9174 12
9370 789 11
9380 3387 14
9390 6946 13
9400 6411 13
9410 6282 12
9420 7084 13
9430 759 13
9440 3603 10
9450 1278 12
9460 8214 13
9470 6168 10
9480 6805 12
9490 189 11
9500 3869 13
9510 802 13
9520 5003 13
9530 5395 13
9540 2162 12
9550 2232 11
9560 5110 11
9570 1386 11
9580 1289 9
9590 4220 13
9600 8996 13
9610 7931 12
9620 7612 11
9630 3481 13
9640 3702 13
9650 1778 13
9660 2057 13
9670 7523 12
9680 5367 13
9690 5834 12
9700 3946 12
9710 8078 14
9720 3914 11
9730 6160 13
9740 1183 13
9750 4583 14
9760 2643 14
9770 9235 14
9780 2864 8
9790 4301 14
9800 1881 12
9810 4862 13
9820 6552 14
9830 4228 13
9840 8794 13
9850 6545 11
9860 8349 12
9870 7454 14
9880 1264 13
9890 9856 11
9900 9132 13
9910 4290 14
9920 5730 11
9930 4606 13
9940 8907 12
9950 718 13
9960 3382 13
9970 7126 14
9980 9261 12
9990 1563 13
10000 3189 13
10010 6809 12
10020 7550 13
10030 301 13
10040 2368 13
10050 3460 12
10060 3903 14
10070 2177 11
10080 9234 12
10090 6187 8
10100 9441 12
10110 3726 11
10120 9910 13
10130 8807 13
10140 7361 14
10150 7380 13
10160 8186 13
10170 1689 12
10180 371 14
10190 8228 13
10200 7659 10
10210 3375 13
10220 1787 13
10230 5328 14
10240 2788 13
10250 7268 13
10260 8327 12
10270 4875 13
10280 2841 13
10290 7496 9
10300 9795 13
10310 5420 14
10320 9609 11
10330 5267 12
10340 9613 7
10350 2002 12
10360 10124 13
10370 2510 14
10380 7828 13
10390 7192 14
10400 7512 12
10410 6360 12
10420 915 13
10430 2508 14
10440 9162 12
10450 95 14
10460 4698 8
10470 2885 13
10480 2132 14
10490 2686 14
10500 1341 14
10510 5789 13
10520 3498 13
10530 69 13
10540 10184 11
10550 8071 11
10560 7793 12
10570 8197 12
10580 325 13
10590 5655 14
10600 3561 13
10610 4718 11
10620 8276 9
10630 8319 14
10640 8106 12
10650 7262 13
10660 7495 13
10670 6256 11
10680 102 14
10690 2452 10
10700 4978 11
10710 4097 13
10720 4974 12
10730 7446 12
10740 5787 13
10750 9962 14
10760 5368 14
10770 3626 14
10780 10673 13
10790 8933 13
10800 5550 13
10810 9148 13
10820 6722 13
10830 1236 13
10840 10362 14
10850 3668 13
10860 7553 13
10870 2133 13
10880 10321 11
10890 4697 13
10900 5313 13
10910 500 13
10920 9406 13
10930 4366 13
10940 8995 9
10950 9943 13
10960 5793 14
10970 6127 8
10980 7494 10
10990 5405 14
11000 4399 14
11010 3706 13
11020 10157 13
11030 2360 13
11040 8251 14
11050 10553 9
11060 1921 9
11070 23 12
11080 10325 13
11090 2809 11
11100 2439 13
11110 2703 13
11120 8642 14
11130 3610 13
11140 5960 14
11150 50 14
11160 4509 13
11170 3738 13
11180 8431 13
11190 5170 12
11200 2893 13
11210 9818 14
11220 1567 13
11230 5333 14
11240 6390 13
11250 3265 13
11260 6262 13
11270 4844 12
11280 9684 12
11290 2952 13
11300 2413 13
11310 10478 14
11320 1430 14
11330 692 14
11340 5504 13
11350 9912 13
11360 10887 11
11370 2237 14
11380 6440 13
11390 7155 13
11400 6107 14
11410 7384 13
11420 2560 14
11430 5869 14
11440 11256 11
11450 8937 13
11460 5409 11
11470 3820 12
11480 11330 14
11490 959 13
11500 6322 13
11510 4204 13
11520 9260 14
11530 2270 12
11540 2554 12
11550 9017 14
11560 4123 13
11570 1980 13
11580 5587 13
11590 7612 13
11600 9565 11
11610 9324 11
11620 515 11
11630 2552 13
11640 5739 14
11650 1631 14
11660 5045 14
11670 4866 14
11680 1659 13
11690 8226 14
11700 7998 13
11710 6379 13
11720 6585 14
11730 11484 13
11740 6972 12
11750 6924 11
11760 7702 12
11770 935 14
11780 3462 10
11790 58 13
11800 2713 11
11810 654 13
11820 1590 13
11830 11267 12
11840 8438 13
11850 5748 13
11860 7236 14
11870 3826 12
11880 4636 14
11890 7423 13
11900 10187 14
11910 6944 14
11920 9204 12
11930 11533 14
11940 3245 14
11950 8658 9
11960 2286 13
11970 10603 13
11980 2730 11
11990 6629 12
12000 11102 14
12010 5282 11
12020 11837 14
12030 1638 11
12040 351 14
12050 8275 12
12060 6314 12
12070 8737 13
12080 3126 13
12090 2784 14
12100 5575 14
12110 3507 12
12120 3875 11
12130 10763 14
12140 30 13
12150 722 14
12160 5556 14
12170 9603 7
12180 2527 13
12190 8249 10
12200 154 10
12210 3241 14
12220 1126 14
12230 3728 12
12240 10735 14
12250 6511 14
12260 11651 14
12270 10001 14
12280 7040 13
12290 9145 9
12300 8312 13
12310 6070 10
12320 11832 11
12330 1278 12
12340 4922 13
12350 3211 13
12360 7494 10
12370 2752 14
12380 11668 13
12390 968 13
12400 11408 14
12410 2660 13
12420 4536 13
12430 4367 13
12440 10063 14
12450 2595 13
12460 1199 14
12470 719 14
12480 3501 13
12490 3001 14
12500 760 13
12510 2818 13
12520 2660 14
12530 8028 14
12540 6052 12
12550 1495 13
12560 11352 13
12570 9310 11
12580 9524 13
12590 7517 11
12600 2568 12
12610 5619 14
12620 102 13
12630 10270 14
12640 6162 13
12650 12422 13
12660 3377 12
12670 6019 11
12680 11269 13
12690 3311 13
12700 4816 14
12710 2522 14
12720 1082 12
12730 3379 14
12740 5765 11
12750 6042 14
12760 3989 14
12770 2845 12
12780 7902 12
12790 2859 10
12800 7721 12
12810 12099 14
12820 8711 14
12830 2068 14
12840 5258 14
12850 9414 12
12860 5329 14
12870 798 13
12880 11431 14
12890 3166 14
12900 8794 14
12910 5653 14
12920 4663 14
12930 7238 13
12940 9850 13
12950 12930 14
12960 179 12
12970 4408 14
12980 9938 13
12990 9399 10
13000 5108 14
13010 4298 14
13020 3239 14
13030 4787 12
13040 2766 13
13050 402 14
13060 10133 13
13070 457 13
13080 22 14
13090 10079 11
13100 6425 13
13110 5036 11
13120 11248 14
13130 2337 14
13140 7203 11
13150 6453 13
13160 7341 13
13170 8115 10
13180 6316 14
13190 2798 14
13200 626 14
13210 8228 13
13220 11515 14
13230 11233 11
13240 4588 14
13250 3924 13
13260 10634 12
13270 2721 13
13280 2275 11
13290 10214 10
13300 1288 12
13310 3212 14
13320 10716 13
13330 7331 12
13340 977 13
13350 10966 14
13360 1716 13
13370 662 14
13380 10393 11
13390 4215 14
13400 7753 13
13410 2289 14
13420 11056 12
13430 11466 12
13440 1867 13
13450 10501 11
13460 10694 12
13470 2346 11
13480 6851 11
13490 6027 14
13500 11474 14
13510 7310 14
13520 11027 12
13530 1468 12
13540 3472 12
13550 13508 14
13560 11055 14
13570 9674 13
13580 7864 13
13590 4814 13
13600 12490 11
13610 5264 14
13620 9873 14
13630 2794 9
13640 13460 13
13650 934 14
13660 2269 12
13670 4907 14
13680 12578 13
13690 2159 14
13700 8033 11
13710 6582 12
13720 11486 13
13730 3936 14
13740 3981 14
13750 13606 14
13760 10113 14
13770 4567 14
13780 12806 14
13790 13788 14
13800 2150 13
13810 3026 11
13820 12727 10
13830 9235 14
13840 849 13
13850 1590 14
13860 10745 14
13870 6494 11
13880 9456 12
13890 11082 10
13900 8177 13
13910 6407 12
13920 8113 14
13930 10074 14
13940 8999 12
13950 12988 13
13960 3756 13
13970 12865 13
13980 6705 12
13990 13451 14
14000 786 13
14010 6078 13
14020 2929 13
14030 13456 14
14040 2870 14
14050 3339 14
14060 6998 12
14070 5891 13
14080 4827 13
14090 8585 6
14100 2908 14
14110 2580 13
14120 2406 13
14130 3996 12
14140 947 12
14150 10342 11
14160 13685 14
14170 3551 12
14180 10130 14
14190 1320 13
14200 3024 14
14210 13437 13
14220 64 14
14230 5617 14
14240 9823 14
14250 3610 11
14260 1131 13
14270 2221 14
14280 893 13
14290 11678 13
14300 8055 14
14310 903 12
14320 13963 14
14330 13879 12
14340 9049 12
14350 12820 14
14360 10600 14
14370 7558 14
14380 3404 14
14390 859 12
14400 4191 13
14410 13871 12
14420 5772 9
14430 12189 14
14440 154 10
14450 4774 14
14460 766 13
14470 9595 13
14480 4166 12
14490 6459 11
14500 8703 12
14510 6987 14
14520 574 13
14530 11151 13
14540 4368 12
14550 1293 14
14560 6109 12
14570 480 14
14580 2264 14
14590 9818 13
14600 10830 14
14610 13230 13
14620 5696 13
14630 11742 14
14640 12998 12
14650 12092 14
14660 4060 14
14670 644 13
14680 5180 14
14690 7054 14
14700 9615 13
14710 2818 14
14720 8599 12
14730 360 13
14740 10909 14
14750 637 13
14760 3802 14
14770 6202 13
14780 10735 14
14790 12729 13
14800 7180 13
14810 8253 12
14820 14251 12
14830 2304 12
14840 2395 13
14850 165 14
14860 10884 13
14870 10538 12
14880 9585 14
14890 5825 12
14900 4996 11
14910 12401 14
14920 8079 13
14930 13647 13
14940 9284 14
14950 9761 14
14960 10410 14
14970 571 14
14980 2240 12
14990 7859 14
15000 427 14
15010 3245 11
15020 3303 14
15030 4631 13
15040 8715 14
15050 13452 13
15060 541 14
15070 12797 13
15080 10078 14
15090 7106 14
15100 2751 13
15110 13943 14
15120 6543 12
15130 11022 9
15140 10683 14
15150 10042 14
15160 3061 14
15170 9771 13
15180 7078 14
15190 4041 11
15200 9861 13
15210 13881 14
15220 1105 11
15230 162 10
15240 2528 14
15250 10263 14
15260 13815 10
15270 11279 14
15280 10879 14
15290 208 9
15300 2067 14
15310 14388 13
15320 12835 14
15330 6991 13
15340 1072 14
15350 7668 14
15360 2114 14
15370 8605 13
15380 290 13
15390 7391 14
15400 9095 13
15410 1088 13
15420 395 13
15430 14324 13
15440 11112 10
15450 6882 12
15460 14819 13
15470 14167 12
15480 9182 14
15490 5765 12
15500 148 14
15510 13903 14
15520 2497 14
15530 9585 13
15540 13625 14
15550 1285 12
15560 7306 13
15570 7534 14
15580 13152 14
15590 12346 10
15600 14445 12
15610 12451 14
15620 11230 14
15630 2344 14
15640 3911 13
15650 10362 13
15660 4085 14
15670 782 14
15680 9412 12
15690 6741 7
15700 1657 12
15710 1203 14
15720 1668 12
15730 870 14
15740 1852 14
15750 9159 14
15760 4574 14
15770 4692 14
15780 7515 12
15790 9836 13
15800 6630 12
15810 6171 12
15820 6666 14
15830 1659 14
15840 6731 14
15850 1872 10
15860 12766 14
15870 11984 12
15880 1212 12
15890 2748 14
15900 4828 14
15910 1119 13
15920 5645 14
15930 175 14
15940 10656 14
15950 10870 13
15960 172 13
15970 12950 13
15980 8508 12
15990 182 12
16000 665 13
16010 9289 12
16020 12714 14
16030 7134 12
16040 3893 13
16050 2408 12
16060 7545 13
16070 6359 14
16080 15786 14
16090 1420 14
16100 123 13
16110 10895 14
16120 9427 13
16130 6999 14
16140 14034 14
16150 13301 13
16160 7693 11
16170 14015 14
16180 11284 12
16190 1826 14
16200 4183 11
16210 2235 12
16220 12704 14
16230 5904 14
16240 13670 9
16250 12610 14
16260 16107 13
16270 14941 13
16280 5916 14
16290 7179 13
16300 11531 11
16310 1077 14
16320 8394 14
16330 7788 14
16340 13797 14
16350 6245 14
16360 11035 12
16370 9612 14
16380 14009 12
16390 14873 14
16400 8738 13
16410 3303 14
16420 13946 12
16430 590 14
16440 12255 13
16450 13537 14
16460 14847 14
16470 13838 13
16480 2831 15
16490 9551 14
16500 9509 12
16510 12203 13
16520 3746 12
16530 5853 14
16540 13389 14
16550 2919 12
16560 15664 13
16570 13905 13
16580 889 10
16590 4334 13
16600 6414 12
16610 11073 12
16620 16175 14
16630 2558 13
16640 12637 14
16650 3739 14
16660 8478 13
16670 15221 10
16680 965 13
16690 1195 13
16700 10371 8
16710 13813 11
16720 7392 12
16730 10929 10
16740 7601 14
16750 10510 14
16760 8153 14
16770 7647 14
16780 6912 14
16790 2416 11
16800 4215 14
16810 11242 13
16820 12887 13
16830 2058 14
16840 15757 13
16850 5249 14
16860 5330 13
16870 4069 14
16880 1876 13
16890 7633 14
16900 8223 14
16910 4882 12
16920 1738 12
16930 2720 14
16940 14699 14
16950 4590 14
16960 7197 14
16970 8923 11
16980 5360 14
16990 2353 15
17000 12027 14
17010 15518 12
17020 5992 14
17030 14790 13
17040 16876 14
17050 1390 13
17060 10072 13
17070 9796 12
17080 3586 14
17090 12730 14
17100 8414 14
17110 11458 13
17120 3919 11
17130 1165 14
17140 16360 14
17150 12272 12
17160 4664 13
17170 2765 10
17180 10378 14
17190 5427 13
17200 8521 13
17210 8976 14
17220 5861 13
17230 8135 14
17240 3561 13
17250 3059 14
17260 3273 12
17270 5900 14
17280 16335 7
17290 9976 14
17300 316 14
17310 1125 14
17320 16765 14
17330 299 14
17340 15660 14
17350 14394 13
17360 6476 9
17370 8464 10
17380 8163 10
17390 15564 11
17400 177 11
17410 11480 12
17420 12997 14
17430 9218 13
17440 8382 14
17450 6365 13
17460 1654 14
17470 6396 15
17480 13220 11
17490 6644 14
17500 3496 14
17510 4088 14
17520 2215 11
17530 5520 14
17540 12359 13
17550 10988 13
17560 3890 14
17570 7196 11
17580 1959 14
17590 9634 14
17600 8445 14
17610 3811 12
17620 11870 15
17630 13177 13
17640 12468 13
17650 12011 14
17660 8859 12
17670 8948 13
17680 7946 12
17690 9665 14
17700 10074 14
17710 13326 14
17720 12974 14
17730 16295 14
17740 13773 13
17750 14040 14
17760 1741 14
17770 8092 14
17780 6398 14
17790 9821 13
17800 736 14
17810 7719 14
17820 15825 14
17830 16003 13
17840 16583 14
17850 671 13
17860 8733 14
17870 6080 11
17880 11038 14
17890 3525 13
17900 1186 15
17910 2839 14
17920 4910 13
17930 12676 15
17940 14238 14
17950 13105 13
17960 17223 9
17970 17734 14
17980 14448 14
17990 942 14
18000 17198 14
18010 12981 14
18020 7832 14
18030 9295 15
18040 8114 14
18050 8199 12
18060 877 14
18070 12522 14
18080 16739 13
18090 5337 12
18100 5651 12
18110 2872 11
18120 17828 11
18130 13572 14
18140 17613 12
18150 4976 13
18160 9824 9
18170 16057 15
18180 4638 14
18190 6840 13
18200 12787 11
18210 9688 13
18220 15278 12
18230 2663 12
18240 14315 14
18250 2499 14
18260 1263 14
18270 18200 14
18280 5127 12
18290 10148 14
18300 9601 13
18310 632 14
18320 8750 14
18330 9454 14
18340 6483 14
18350 7369 14
18360 10827 14
18370 4584 14
18380 7870 11
18390 6669 14
18400 392 13
18410 13630 13
18420 807 14
18430 13240 13
18440 17345 14
18450 3261 14
18460 612 9
18470 2982 14
18480 7146 8
18490 3077 11
18500 8159 14
18510 8367 15
18520 5963 14
18530 1663 15
18540 7183 13
18550 14834 14
18560 3131 14
18570 13960 14
18580 12183 14
18590 2614 14
18600 1379 8
18610 7533 13
18620 12244 14
18630 13514 14
18640 8692 14
18650 12347 9
18660 10925 13
18670 13475 13
18680 11524 12
18690 2346 14
18700 4921 11
18710 7529 13
18720 8996 13
18730 11763 14
18740 10252 12
18750 9921 13
18760 13502 14
18770 240 14
18780 10846 11
18790 1088 14
18800 13166 12
18810 11545 14
18820 12648 12
18830 12840 14
18840 3053 9
18850 8860 14
18860 5137 10
18870 9639 14
18880 13030 14
18890 12529 14
18900 14560 15
18910 5811 12
18920 7931 13
18930 2071 14
18940 1386 10
18950 6921 14
18960 4679 14
18970 14774 14
18980 2323 15
18990 4403 14
19000 154 13
19010 7101 13
19020 500 10
19030 15140 12
19040 6816 14
19050 12126 14
19060 9739 13
19070 9274 9
19080 1059 14
19090 4559 14
19100 17538 14
19110 11635 11
19120 10306 7
19130 3189 14
19140 11065 6
19150 4108 12
19160 2642 14
19170 10171 13
19180 5179 14
19190 1107 13
19200 11444 14
19210 15684 14
19220 2131 14
19230 19127 14
19240 17423 13
19250 2479 14
19260 7115 14
19270 19233 9
19280 8272 14
19290 7559 14
19300 8645 14
19310 16007 14
19320 2287 14
19330 18179 14
19340 10343 15
19350 5822 12
19360 6563 14
19370 2880 13
19380 12908 13
19390 6287 14
19400 1457 15
19410 9419 15
19420 11417 14
19430 4136 14
19440 2193 14
19450 1129 11
19460 5082 15
19470 10023 14
19480 12993 14
19490 5153 14
19500 18622 14
19510 2628 9
19520 18734 14
19530 2315 15
19540 12832 14
19550 18537 15
19560 1032 13
19570 6491 12
19580 9095 15
19590 12776 13
19600 18662 14
19610 16804 14
19620 1354 12
19630 7172 12
19640 6962 14
19650 4199 14
19660 4728 13
19670 4060 15
19680 7542 11
19690 2727 14
19700 5751 10
19710 4391 14
19720 9022 14
19730 10398 15
19740 4715 14
19750 8376 14
19760 17952 14
19770 2735 12
19780 8282 13
19790 1582 15
19800 16082 12
19810 11578 14
19820 4110 15
19830 18298 14
19840 859 14
19850 3321 14
19860 19791 15
19870 10323 14
19880 11749 12
19890 10542 14
19900 97 14
19910 985 12
19920 13329 12
19930 7693 13
19940 16855 13
19950 14047 14
19960 6067 14
19970 6223 14
19980 18745 15
19990 2601 14
